bezier
185 275 190 470 300 470 310 275
bezier
185 250 190 50 300 50 310 250
hermite
210 125 220 112 -100 -250 100 250
hermite
280 125 270 112 100 -250 -100 250
hermite
185 275 185 250 -250 -250 250 250
hermite
310 275 310 250 250 -250 -250 250
bezier
210 330 210 390 280 400 280 330
bezier
210 330 210 270 280 260 280 330
circle
242 335 0 12
hermite
210 250 290 250 30 -50 30 75
hermite
210 250 290 250 20 -300 20 300
hermite
210 390 290 390 40 -60 40 60
bezier
280 400 350 500 400 350 400 250
bezier
270 410 350 500 410 350 400 250
bezier
213 400 150 500 100 350 100 250
bezier
213 410 150 500 90 350 100 250
display
save
face.png